20151126004507
20161030051959
20171006081248
20171217053939
20130722124845
20190505074559
20180309051517
20181230081057
20170608052833
20160930070927
20130910081938
20190309080411
20150627183103
20180129051900
20180605061027
20131120210446
20190729215918
20131116132916
20140828053052
20140325072153
20161009120723
20160801145632
20190727104114
20180420072424
20151123071250
20130623072932
20141214161740
20151110062949
20160730173243
20191005063325
20181226081318
20170220073357
20170904051526
20140427072903
20160920064551
20160127162401
20181224080656
20170119063942
20140208114852
20180425220706
20170908055649
20191012100738
20131109235602
20190122053419
20141229061803
20180429060147
20160317072908
20150514200043
20191125194529
20160906055253
20191023052341
20170614070634
20180703072023
20140527081557
20170408051624
20140309002449
20190716071958
20130526071548
20190511055122
20140715075339
20160821110051
20191211071651
20171026141602
20190409055142
20151227142650
20141129001356
20170928091415
20171011052912
20150818063948
20130507085911
20131125052910
20181008071706
20170927062050
20160331153035
20190219081240
20140905171348
20180803055542
20170728051634
20150318080357
20140516161926
20181128051930
20140311054834
20170516051353
20191224052219
20150710124311
20160414145847
20151020004451
20190128064336
20141109055001
20150821113703
20170127051502
20130719131255
20140627061811
20160709111403
20171230055300
20190713060234
20151124085827
20170424052544
20180210064320
20140214062120
20131223105005
20191101054000
20180517092240
20130418071950
20191219090602
20160625152202
20150117075454
20151210163905
20140407135350
20171025134345
20191024140828
20171103061255
20131112135340
20190416072129
20150402123612
20140513134723
20190422074745
20171226100639
20160223090411
20180716105016
20170103124407
20130827112212
20150122052330
20171109051724
20170723062427
20190831100057
20150419181516
20140115062502
20200105062947
20181018071730
20140128195056
20140127072449
20181019072415
20130731004849
20190509102503
20170703122831
20170619051901
20190308072936
20160620054720
20151030083427
20171015063115
20161204051456
20150317054346
20190324055733
20160722172120
20180415211516
20160325171330
20170902051604
20190330051929
20181030073915
20170810051506
20140803183009
20150410220023
20170409051722
20140116073247
20191217162154
20140903145242
20190408171654
20190328052615
20130407052359
20140528133342
20190528121140
20160804165706
20160704172225
20161128075802
20180702071736
20170812051648
20150605044208
20181014061941
20140307165300
20160623054309
20140227162245
20130626110711
20170817051549
20150924220847
20140226053658
20140313075335
20150807085942
20131215090841
20131030192851
20171018061312
20190418055526
20131202091737
20190105182944
20170331051741
20140920090039
20180212052048
20140503114453
20190824110830
20180619132627
20170418051420
20161107051530
20190823171339
20190917194717
20180906061429
20160911065638
20161025210254
20191021052233
20170623121927
20141205073838
20160324143034
20161110051600
20170101114142
20191001113216
20160707173729
20170505052547
20171030110621
20141123142835
20170307051751
20140729104613
20181115082351
20170416051339
20181012063043
20190302080616
20170419051604
20180409165354
20141027093414
20170114051610
20170202051521
20151211102004
20160921082717
20181101110305
20181204060152
20180323052410
20180327060251
20191120082434
20161102051731
20161017155154
20160326121250
20180626164709
20160628093442
20190301084450
20190113054343
20171019061411
20180315053924
20140908071055
20160316061103
20141224170611
20180614060406
20130819164648
20140621064508
20190429174225
20140508134842
20171111051857
20160129084815
20181126062950
20130616184020
20150422211551
20150131134633
20180809091118
20150307052159
20150321171929
20151214090506
20130329154943
20160424050139
20140722071317
20180329063910
20170909061756
20160726063103
20151104123637
20160720172715
20151111075450
20190613071438
20140316114503
20141122080151
20190602053601
20131022104510
20161217051458
20180522221934
20190410070504
20140917080838
20140625072210
20190327060125
20180117052101
20130603234932
20180322094727
20171120051844
20180828054746
20160130063905
20170510052932
20180124054342
20180318080158
20150502023245
20151027022344
20150228192213
20150809052914
20160329150406
20171028062154
20171221052349
20170304052056
20141209060519
20151225092313
20180706101909
20140806052046
20180615072441
20140113065201
20191127052138
20160816041310
20170406051514
20130821162148
20140718070358
20140805100348
20140606053338
20141102093851
20140318061248
20160331000300
20130521154624
20141225080913
20130816071426
20150731124536
20131127073127
20180602060040
20190218072441
20161103051756
20180404103630
20180622062518
20181116190035
20131008194204
20170504052333
20181129065328
20150911114104
20171206051736
20140405081654
20190322054845
20180221132913
20170718091725
20190109081637
20170722052631
20160828154911
20180611115631
20171222052329
20190726062019
20160410114215
20161115051548
20191228082312
20190525075051
20170813051418
20140910193617
20170122083516
20181203052101
20160523121526
20190907220316
20151209104652
20190720130616
20190610113712
20140711130836
20141011135232
20140815141137
20160401135610
20181207070326
20190518071417
20130802071021
20140409054828
20180101063910
20170206051627
20140921192118
20190311051717
20150623154405
20140412200402
20150209033218
20141103110203
20160319093329
20160613172122
20161016151938
20170322195311
20191128062030
20190110071032
20130930003036
20160715164024
20140510175810
20150219123409
20170312134833
20161012064512
20190222064918
20180412191742
20160627172155
20190524052159
20181122063631
20140914162636
20171113193831
20130325002427
20181031093922
20180815123105
20191025061201
20181003071240
20160115073653
20140808070122
20150723052913
20140902130415
20190508072333
20141202215711
20181111081638
20130418032256
20170615072101
20171202051826
20170211051500
20191113122648
20180607104807
20151025000814
20141014120311
20180814113557
20131220061134
20130503062938
20180317072043
20180313075548
20140728060103
20160420193730
20170831051533
20141105130832
20131209095104
20160103085925
20180202051809
20161015144743
20191122064646
20170814051407
20190515071858
20190609084328
20160307124612
20171106052054
20160106032023
20131018191024
20190804075131
20131213070147
20190621074322
20180103120417
20190909061549
20180826070741
20140403071908
20180427105118
20190115055810
20181005055105
20160226111249
20150126094520
20181028214015
20160214131333
20160228113154
20160318083336
20140609052404
20160407071313
20190504172304
20160701172449
20190608092555
20180206051904
20160516204503
20160529003744
20130728223349
20140209121537
20170923054208
20140501061115
20161231111747
20191110232502
20161007104317
20180908151003
20191206074313
20170402052116
20190923061825
20160529173531
20170822091559
20130715040145
20190310140648
20141004173339
20180705103021
20150116064327
20161026211720
20130406040504
20130921023555
20140813114743
20170209051622
20131201084309
20140219055717
20170613053000
20190217080254
20160621071540
20190512051836
20171013053314
20190817125500
20161002063849
20180211074057
20180819145158
20191108202540
20140820195929
20181022181856
20160606091821
20140406095248
20141231131332
20151128132934
20160207131346
20150724123936
20140123172824
20171023072130
20180913093310
20180618123552
20140221071031
20200107052358
20180115091510
20191007054331
20150601094851
20190808053442
20140125175912
20171119051947
20191026084518
20130506145445
20160312073023
20160618073546
20191204121659
20190630214605
20160126044624
20181021062431
20150527194326
20191226064352
20180213060044
20180326064116
20131130083625
20170413051607
20150801163230
20131226201010
20140819164727
20140531091402
20160926173729
20190427181207
20171126103620
20180503053959
20160922135704
20160604063337
20150423221155
20130414084655
20151220000721
20181127053719
20190313051939
20141030080741
20150310062233
20170319180610
20141217082532
20151228120634
20150326121348
20140417123214
20180414075311
20180917071535
20140716052545
20160321114051
20160119083331
20150331091341
20180806075821
20181118070057
20180724131025
20140726064012
20191111134110
20130609123040
20191225065917
20140706131642
20160929174253
20151115055706
20190703061400
20140801124210
20191124051907
20160814111247
20180710081009
20190611071330
20130421163901
20161130051634
20160822123003
20190320094004
20170108071719
20140106123127
20140708143054
20180722231029
20191126174058
20140130073600
20160413151242
20140117071924
20131106072516
20140707134939
20170918051759
20140620091236
20180201085341
20180207051809
20190329052117
20180612094434
20141101095848
20170617051848
20140709051551
20130327104906
20130623014245
20161206051614
20151224080846
20190107075653
20190125080449
20151008061325
20140904070931
20150128115626
20140518172344
20141028145607
20180505064013
20181108094657
20181228070455
20140930085956
20190403070453
20131107054321
20140526061630
20180822082517
20170803182802
20131119183804
20170124013503
20171021051349
20191103075653
20160403164237
20170410051726
20170303051607
20160208084041
20190207080733
20161112051624
20151229182631
20150113082240
20180311093807
20180616052219
20141016153740
20190707171858
20190423091423
20160503133903
20191118082907
20191028221550
20180217103235
20181011065614
20170315152058
20160111103042
20161027051633
20160304062012
20180805072906
20190117075112
20170618051806
20130721013432
20190408010350
20190904064210
20191019100040
20140218052346
20150804215938
20160305145035
20180812091139
20131111010558
20181013052139
20150619113552
20150421190838
20150120165244
20180818064349
20161108051657
20170808051549
20191109232959
20140817114032
20160409103219
20140730120825
20170521052712
20130717072903
20140725065902
20170622132854
20170417051609
20150903150323
20140429084741
20180730065410
20170626052003
20160717172302
20171114054454
20200104055939
20170901051731
20140404061908
20141119055518
20160919174418
20171225052210
20131114184732
20160810135711
20150812150957
20140502095057
20160408092152
20161006091310
20190728205821
20130803090852
20160406065040
20180330083542
20180912081303
20130423071657
20170224051553
20140507133059
20180114070550
20180811100845
20160126091446
20160915123259
20190424103658
20190228071930
20160716172040
20171122051803
20150112180043
20130725031132
20151021073854
20160728172301
20140702105728
20190118051917
20170305051748
20170704052429
20191121092648
20181015063316
20151109053450
20130325054647
20180301143754
20180923073720
20130625050542
20180919051738
20140215095742
20191015112825
20170129051421
20170811051620
20170218051605
20160724172017
20150529143713
20170407051526
20160213122815
20170602052456
20150103020552
20161101051435
20160217130140
20161003072116
20160622054902
20130420095818
20151112080321
20130815051840
20150721225015
20140304070420
20150401103506
20160506151215
20180509093140
20141114225528
20161109061553
20160424054445
20180108061854
20140511135125
20141201062637
20170526062605
20141226053248
20151208122209
20150406163920
20170725081635
20171117051926
20180104061520
20141007065052
20180506065341
20181119152436
20140822222841
20141111070214
20180514123440
20131113134721
20190827104929
20160915045601
20140506125606
20141206083333
20180126061115
20140723063050
20170301061708
20130918201843
20180926072131
20180629054924
20181009063213
20160210130023
20180111051408
20151103132740
20131122053723
20130923081008
20161114051647
20151016195753
20170116051622
20180528144910
20161223051544
20180106052053
20160524210142
20171002222150
20140906182704
20160426070450
20140206092134
20171001061149
20180107052301
20180408081159
20181202064227
20130402141124
20140703113855
20180909060512
20130329025533
20171205051757
20140309054407
20140614072400
20180321091520
20190812055703
20190926074453
20140807061325
20150904113145
20190928093834
20150110205241
20150802220053
20150718233001
20170926052305
20130727080917
20141208105803
20161126061653
20180401091036
20170525062807
20141006084057
20151028063411
20170120070743
20190910065311
20160901172527
20161219051531
20140118081924
20130925155104
20191222052605
20171105152126
20150314203816
20170727051646
20130610142454
20181029112738
20171125103621
20161022054027
20190103211125
20161119075027
20170607052453
20190816121519
20170912061538
20180501060217
20150418053836
20190711064444
20180712071212
20161111051638
20170717052353
20151122205423
20171209051925
20131017113915
20160222065635
20150107082930
20180428053627
20190704054939
20190405004536
20140224070953
20160219122902
20140119075933
20190331055015
20170227051612
20131228112258
20150814054414
20191220111228
20171012052141
20170627051648
20160510055622
20160616060932
20140909054504
20140426063045
20141113214306
20130921160211
20160714172103
20170411051516
20170328051755
20150327091036
20160829155707
20190208092107
20180418221323
20181206071544
20150705131823
20180604055955
20130721153559
20170915051516
20180924075030
20150709084048
20130614031418
20180118052236
20170820051806
20180406094934
20181125080809
20150520133507
20180804062352
20191115034359
20191022061341
20131104165721
20170930155606
20170313142545
20180316070322
20150828111736
20170731051642
20130530141310
20160626143634
20141024100300
20130807204157
20190417102313
20181229063336
20130806183852
20190503192645
20171124093711
20170507052624
20150712215721
20171102180111
20170921110652
20190426082225
20190225054005
20151116075330
20160802172128
20190628083855
20130611135427
20140608122555
20150330075839
20140319065247
20180531132335
20160819060334
20180214062525
20180209063108
20171213051936
20160619070503
20180715094357
20140616092119
20170513052615
20151231102506
20180422075812
20170922093339
20160605061951
20190130052601
20190201052405
20191208062755
20180910061328
20191212075204
20190708120211
20130408052002
20170118075020
20140327110551
20170802225625
20130924101154
20161001052754
20150622094756
20181213081034
20190306062525
20190213062959
20161124053649
20181215062611
20151216115702
20161222051429
20150516080241
20181120081813
20131206121638
20130706162428
20191130112658
20170117051633
20170527072743
20170530052548
20171009051954
20170107151044
20190825065430
20141230114622
20160314131358
20180723232913
20140413102035
20130919235238
20160221053439
20160706172212
20140306152104
20151117085644
20150407174956
20170621060130
20191223060041
20150526042919
20160705172758
20140317052904
20150611112532
20180220181130
20140912105426
20180302075219
20180526095941
20151230194353
20151102072043
20170306052002
20150707215811
20181130053840
20140122115715
20131026092345
20160121075031
20150925192758
20130411025949
20140331124339
20160927180144
20161214051350
20171127105057
20160512130855
20180314054158
20151204092922
20160624172122
20190819150737
20140619071142
20140216103725
20130811133741
20150822142923
20130520233921
20190216073400
20190915110008
20180215062926
20180816120851
20150616225129
20151202071628
20141130011829
20190224080441
20140105055506
20190616061237
20190119081012
20140207105323
20180813110935
20180901164613
20170421052556
20131031224626
20170919051627
20130625062419
20190205080318
20171007051446
20140613060730
20140504123430
20130810163022
20140205083609
20150617054516
20151114054938
20150817043332
20180907060000
20160923074249
20190325052116
20130709083825
20181227081701
20190912090606
20151207130022
20180306072917
20141213054807
20140422102715
20170412051505
20180625142507
20160108060952
20180131083713
20131124075718
20180709162330
20151023064339
20140330123730
20191117061902
20180112115519
20131117205529
20170221051500
20150703123951
20160113105517
20190405052142
20191203095531
20160808172956
20170314144839
20150221215858
20140831061817
20190714062245
20161116051621
20181010071555
20170121074753
20130403171050
20180513100011
20190801104734
20140111085042
20190719111022
20190625214028
20160825145450
20130510002303
20160818063352
20150103101344
20170316165413
20130926163754
20151226101418
20190102084106
20190908053850
20190922154822
20181017081452
20180130080642
20160725172148
20171129051819
20130620200157
20160602071231
20150127104925
20171101061428
20130516055902
20180325055603
20140416213544
20161014135631
20131221091954
20140401134326
20160515225508
20170713003453
20171017061220
20140915064512
20181208052855
20140408174508
20180728054348
20170326051338
20150322211209
20180110051827
20171027062816
20180711071540
20180704062151
20190227071618
20170706133921
20151127081056
20190913095743
20130822134012
20141124075404
20130523010233
20140217065257
20170805051634
20140228170056
20160104183338
20181214055322
20140901054205
20140301095745
20160320054032
20190706053648
20160505144505
20140126084648
20190807054653
20160910054036
20130618193032
20130716045157
20180721230930
20150409204011
20180725123837
20160602034517
20140129074412
20150319062916
20140415142410
20160904112227
20180915060707
20141120111100
20160820092935
20160220055638
20150819083936
20170720053419
20140423152829
20180824051338
20180628131641
20150312083714
20170711231609
20181026091314
20150526182027
20130927211032
20150530155609
20160729172054
20170308052101
20150101184830
20191006083048
20140804151058
20160328100439
20140328120341
20170222051720
20170716051934
20161127073022
20170907051641
20131103131040
20131126064619
20140923063801
20151119173809
20150129074211
20190223060542
20160302110143
20171216052524
20130801042041
20170824061450
20180521073353
20191016075519
20140520080808
20160711172120
20180911063946
20180903051804
20130615091352
20180820071540
20160206115429
20150328061527
20170208051723
20190605073205
20160102231650
20141216071740
20130914064950
20130823111858
20150820104436
20170509052325
20160315131833
20151213200359
20130831060638
20151221051640
20180727053509
20170801204222
20181113140748
20160807172151
20171004071237
20181002072319
20140924070600
20170804124321
20161225051529
20150714192556
20160117094824
20170913053922
20170721051816
20190318063028
20140428084219
20190326065916
20160421231646
20160731172041
20150903024820
20180204051755
20140107150025
20141025094142
20141029155749
20180801051626
20190516081118
20171207051927
20170508052340
20150111130531
20160425055522
20181007072044
20160607103349
20161224051619
20140825061856
20180219205642
20170612062234
20130602011244
20170125051603
20170522052551
20180511105534
20190809072852
20130511031627
20190813061101
20171107051947
20170906051458
20190116065907
20180515133038
20190820151739
20160603051506
20180423165107
20191115075837
20160902081801
20150823161614
20160212192243
20140425060957
20130606152859
20161005092011
20150324173313
20150603182558
20190112083457
20160120144125
20161129051834
20150309232419
20190619075938
20140810090244
20151015090115
20170603053157
20130909044609
20140525213821
20140421075311
20170616101719
20190421071848
20180831052854
20180618013344
20181104052152
20161105051724
20161106051853
20151212071708
20151113082908
20161203051456
20160216110255
20160527065756
20191010080852
20160612112136
20190411052959
20170321191020
20170430052700
20140926220617
20171112062257
20181109054344
20160816235532
20170605052629
20141017112636
20170422052853
20141015151029
20180228132625
20150817071443
20141204060214
20141019053823
20180119060259
20180719070608
20200112084303
20150320154215
20190506061955
20171029092324
20190905073502
20131208062950
20141218061936
20160912081009
20181201060154
20190612083149
20161011141939
20180620132102
20180808082317
20150313184932
20160916063838
20171201081851
20160106105226
20181220080652
20151101101439
20181210082143
20190811052450
20160311165847
20160418231909
20190425123101
20170701051908
20191218162950
20170207051616
20130818171340
20190507062523
20180303084455
20190401060652
20140203075340
20161008113028
20140131085804
20130903160756
20170310130351
20170714005508
20140402054344
20160918174414
20140414121135
20190124143227
20151205104734
20160608081629
20130826092352
20151108065314
20180502061912
20171020061413
20191112073658
20151107052740
20140411103323
20151020085350
20140302183153
20170404051501
20151118164316
20191029090335
20140521115518
20180713072028
20171212051937
20140615071126
20131001030743
20131129051646
20190523072044
20190402063429
20190606051802
20170729051633
20180823083645
20140918100454
20150224021049
20190323053244
20161031051711
20161228061456
20190215065818
20151218065917
20191102053714
20180419080709
20161220051311
20131225125241
20191129071814
20171108061846
20141021072620
20190918125848
20130424103150
20131204013340
20170403051641
20150524215738
20170130051444
20160710130728
20150124073532
20180402065434
20130527074344
20190226072846
20140210062045
20140713093808
20181006052109
20160702163739
20190419052545
20130718100514
20150212200010
20150115054533
20170523052225
20190622085020
20171016051511
20130401200841
20190701061729
20141002095500
20151206114656
20191014054606
20150620122205
20170629052039
20140814130436
20180830051505
20170506052701
20140424052317
20180410174655
20190624053943
20191105053019
20141125211742
20190927054658
20170219073111
20190428161022
20181016065917
20130805070757
20140916051643
20130905214111
20190315052908
20130828201003
20190828123038
20180320090351
20140512051617
20140717063111
20170223051600
20190123053536
20170203051808
20141207082556
20130723155416
20161113051607
20190520102148
20131230064827
20160411125305
20191013072818
20190722121617
20190209080436
20141013060040
20150227205143
20140303080631
20170702051812
20140324093123
20160422144314
20150404070904
20160415195348
20150405092548
20131021154847
20140809053012
20160617054517
20180403100920
20171228064840
20191008060755
20141213040337
20150104163605
20150130054920
20141026122642
20130512063628
20140618100114
20170821051555
20170620115743
20130531183222
20191207061520
20180508090415
20130912193440
20161207051509
20180916051402
20190502072115
20151002084907
20140323092337
20180226090210
20151222063006
20171006004148
20131217070355
20150201220213
20131218062944
20150713174321
20171208051951
20160928175958
20140214030025
20140626051430
20181102172534
20160310054800
20140517144507
20170917051617
20140110060536
20150306222812
20160203075222
20161117051650
20180205051728
20170415051550
20130809164505
20140704062727
20170428052553
20180304090126
20151107030600
20160209125223
20140222203310
20170529052841
20170807051501
20190930135508
20130409223202
20141222054432
20131115060933
20190914103807
20180613102018
20130708015754
20160727172226
20180601184037
20160323094253
20131118153018
20140719072612
20151220071819
20170109051735
20180530061621
20190312055550
20191031051837
20190710065417
20161028061530
20131005150012
20151218015709
20140124051617
20180222124600
20130412094518
20130326083705
20190514070017
20130904192927
20150507154759
20130331123243
20161218051409
20151031090202
20150612122813
20170827061706
20140602061024
20170405051832
20130915104303
20160827085737
20151018143230
20171223052127
20141121171516
20140420072708
20190821132719
20170730051641
20170105133838
20180123070839
20150610101532
20171218060227
20150204154457
20140101081332
20160601002950
20150408190927
20190529055004
20131006172322
20180413171133
20170201051709
20150629122906
20131219061612
20180208052230
20140712072419
20170302052114
20170726071754
20181105201951
20190129081309
20190724055149
20140315074009
20140310053556
20161212051504
20170131051930
20180807062933
20150901171135
20160817053045
20160114153248
20161104051655
20130511111913
20160903142253
20160504072107
20150813223225
20140225150835
20150221015453
20190519162459
20141210132617
20130922053818
20170104132314
20190615153851
20141107051610
20171224052014
20190803064042
20160112115415
20170708100832
20140514123229
20190617065926
20160118061654
20160703172159
20191215070916
20170212051504
20130708144910
20131024003939
20170630061728
20150303060229
20131102103009
20190517071825
20180731064556
20150728222143
20191104083330
20141130215858
20140919133728
20200106061252
20190106172454
20130906183716
20190730192531
20141031174224
20140612063453
20170929064444
20180421095336
20160917161302
20170512052600
20170317170145
20180102053337
20150206170743
20170711015730
20170102121010
20161029051759
20171121061407
20150123063649
20160303184202
20131121062108
20150414112102
20200102110758
20170914051540
20150609085925
20170517052613
20180810084941
20200103102442
20131224190957
20170920051610
20180829071409
20160429134637
20191205052728
20151215230556
20161010163637
20180512112659
20171211061215
20151005131959
20190501193927
20181217070600
20190614075405
20160905055825
20180914052531
20190814063951
20140524204626
20171219063646
20170828061702
20141105002445
20170330052600
20170624133352
20141212022852
20160322132504
20130712074634
20140907184743
20170213051528
20141001102610
20170311134057
20171229121355
20170423052604
20180520052413
20160405054148
20191004131607
20160129014417
20160721172923
20170323202712
20131108230618
20160615162120
20180417163845
20140722035452
20170503052522
20150121211401
20180817135054
20160823123159
20170514052448
20190607064259
20160525201947
20140724064138
20161123052001
20181107065844
20130525052747
20170916051544
20180223070715
20200113051845
20181110072440
20170724051525
20150329070545
20180122065449
20141022080949
20180310092853
20130928225222
20130502074757
20131229055513
20160526073005
20130508180423
20171116051825
20130917130311
20150304220548
20170816051608
20170425052546
20150518153226
20150305131601
20160812172452
20130902140650
20150311075237
20141108090143
20171204051758
20180411173230
20150606054312
20140710121155
20181123070848
20130420040339
20170115051631
20140601054149
20190822164349
20130829225336
20180328052113
20170518053449
20160719173152
20140120095029
20130505104837
20191210150546
20190214053147
20190303052340
20140523193139
20130617114224
20140824064315
20140112060313
20131111132931
20150505221915
20190413071635
20161208051533
20161120073657
20141113035332
20141003073235
20191002215929
20151017083346
20140605095122
20181219081913
20140821212726
20160610135959
20190623100144
20170924053841
20160806112217
20190826082730
20191230083355
20191123110752
20160211063338
20190111081310
20161229061414
20141118090621
20170217063713
20131025060101
20180405083607
20160313074729
20180416132500
20151025115916
20180603202617
20160309063847
20130817113719
20140121104658
20190709060029
20170427052439
20170226051504
20180518130030
20160609075034
20191009072911
20170610061213
20171130052025
20180319082446
20160308081340
20130908040600
20140505062220
20141115060933
20190902164144
20140509052909
20180523180537
20130405012714
20181004052550
20161226051418
20160215112148
20140211095305
20180921064024
20150531054929
20130726224732
20150809015125
20181117141404
20180216081514
20150109054411
20161004075850
20150301100023
20190406053133
20170519053156
20170214051649
20180105061149
20190319063121
20170426052908
20181222081834
20170111051623
20190627150221
20170128051704
20190527102915
20191227061622
20140223120218
20160924173347
20170707205848
20170216051639
20180524103141
20140826075305
20190202064805
20141111012549
20141203224513
20170324211123
20140611114441
20180905052237
20190314060820
20160913094559
20151022215540
20171118051918
20181027211403
20190126143355
20140201092914
20170502052551
20170910051616
20160417220051
20130529125126
20180407100733
20180729060937
20191119073108
20150125075844
20180308053307
20140103091714
20180225072352
20130621154605
20170829051703
20171024053532
20190718091434
20160204091307
20190723153335
20160116054222
20191020091538
20180127052157
20181212081530
20140701103140
20151130051330
20180623135335
20181106130257
20170113051417
20150119114649
20190715061415
20140714205630
20170705121019
20170818051621
20140430072637
20180630145326
20150417043347
20190203070811
20190221061835
20141106170221
20130901092221
20180902053342
20161118222712
20170126051858
20150108144518
20170719051829
20161205051513
20170318065808
20151106014411
20150618084344
20170327051730
20160416210555
20190305053209
20130330070453
20180109051912
20190412051350
20160723075925
20140320072855
20180307055103
20130501032155
20140622121444
20140720070639
20160218120437
20180717054642
20141010100145
20150515152943
20180821083845
20131216111231
20160402170159
20180720211837
20140321075845
20150607065300
20180701162346
20181121102224
20130619155937
20170204051529
20141116071035
20171022100304
20181001060846
20150325225730
20151201061944
20160909171126
20130716130553
20181231074443
20170309123954
20180116083511
20191107033621
20131004125345
20131210153420
20130430045010
20131207071554
20181025072616
20151013060038
20191011064418
20140312065811
20171227073847
20140624124852
20140927232452
20150716220029
20140823234421
20190530070101
20180627185729
20170515052743
20151126063252
20190307070418
20131002060650
20161209051521
20161213051336
20150420193558
20191221112141
20180519155205
20131213034130
20181024150548
20150730220827
20160427101422
20180516062011
20150528053543
20190212054758
20180825073001
20140617094412
20140610054626
20130602221327
20141219104456
20161125060730
20131214081828
20180128051817
20151029071115
20180608110439
20180609064936
20170815051902
20160830102513
20151129092833
20190629125118
20191216101759
20141227194340
20160718172149
20150701094720
20150226190847
20130912003546
20160907140244
20140529173117
20160614172201
20140419052007
20140705100851
20190925150924
20190921233137
20180928063627
20190211061116
20180929062341
20130713191401
20161215051537
20170606072424
20190127082029
20150605070711
20170604052513
20170110051727
20130825071302
20160630172419
20170501052643
20190929100131
20140604091608
20161201051439
20160101204141
20130729193301
20180218110738
20150811220432
20190317080144
20191027065026
20140531005054
20140109150402
20190903173508
20181216104657
20170823051609
20170611053430
20150226033635
20190802103739
20170228051439
20140104055901
20180920052342
20180324053206
20171014054829
20160412141405
20160611102141
20170429052827
20130804115720
20160811172321
20190911132719
20170531052421
20130814060237
20131227052253
20170320183347
20171110055423
20130524032129
20190702181914
20170715051702
20181211054706
20140913210425
20150424085159
20131003081503
20140515173228
20150316041403
20190815070322
20140418231128
20190712064151
20150427221440
20180930071454
20131211121958
20190526061445
20140628070241
20130606051305
20150323085628
20190513061634
20190907010141
20190521070658
20170825051445
20141005051956
20180922072528
20150118095339
20160826054129
20160518072932
20150425171628
20170520053057
20161216051644
20191229073606
20180718142842
20160809085933
20180510102413
20140519070647
20170205051551
20181020165711
20180904051530
20180918080154
20160109075009
20190818151507
20140114080752
20140326105854
20140607083755
20191231193059
20140204075454
20171010052116
20140522052905
20150626123131
20151120082517
20180424055942
20150114153646
20190618073644
20130528100922
20130813023158
20170601052633
20151007124153
20181124080659
20131029174409
20190920171125
20190131055812
20140305202027
20190830173212
20171115053209
20180224072508
20180227123022
20190705060754
20160430165106
20140108144208
20160110085656
20131123073648
20141020055536
20191213104848
20180426170821
20150205222136
20190120072604
20141220105434
20190316075354
20171220051315
20140829063359
20161121061803
20150217100912
20150719215847
20130428060002
20171104222207
20190321101918
20140830074553
20130504091957
20170609051856
20160713172107
20171003214131
20190919142149
20130612233210
20171008051309
20170905051529
20150215151229
20190601052330
20171210051824
20170806135547
20200110084907
20170414061449
20140818165055
20150624220345
20190829123445
20170714061712
20190210080541
20130423001652
20181114141337
20170819061549
20160327192825
20200111051756
20150504195134
20171214051958
20131222131207
20131007092919
20190101082148
20180610113024
20191030064226
20170528052347
20131028065335
20150722221808
20160813172451
20151121185952
20160419084912
20180312052110
20151203080822
20141223123729
20180726051353
20181112074232
20190805061959
20180430051725
20190414070255
20190114052143
20191202092719
20130412041459
20170420051810
20150615191019
20150625220728
20131105145402
20170911051949
20170124051323
20141127215811
20140603070248
20140630085931
20181209070824
20170809051537
20180827082343
20180120052927
20180525185128
20150708220106
20200108074011
20191018102103
20190806060642
20150621133943
20160205104331
20181225080635
20170225051748
20140329114553
20131205205751
20161122052107
20160925173518
20160227080200
20190731180317
20181218073440
20160521104322
20190603114527
20150602192123
20160712141333
20140925100439
20181221095322
20150412215712
20180507054456
20150824091154
20160225115211
20180624155830
20180927071742
20170625051501
20180203051757
20160805172159
20180125053843
20131128083612
20170628051827
20130501150735
20190121081943
20190721113005
20141221113832
20140911135645
20160824144912
20190725082017
20170830051541
20150106090649
20150715212023
20191017153646
20150411233127
20141117081133
20190620063224
20181205063513
20180529065446
20170112051742
20141215061002
20181023130234
20190626104535
20140827103451
20190531061850
20140629092605
20190604064345
20140811095044
20190810070406
20130711144452
20160229063641
20170925061957
20170326001650
20161202051655
20131027122415
20181223080446
20140314093727
20200109051929
20180113064409
20190901195126
20161211051433
20170826051753
20131231082051
20160908160341
20170106143456
20190204064833
20130710225842
20160306144621
20200101131259
20190108085723
20140102063202
20180606095853
20150815171026
20170329051509
20141008053511
20150308215815
20181103082528
20191214200437
20170401051642
20141012150627
20150614175224
20180331083757
20161210051626
20190522061409
20140727101749
20150506205620
20191116063507
20150803221346
20150905093956
20150316131636
20171215051846
20171123085439
20140928185230
20180925080856
20150613164135
20150511092511
20191209154705
20141009055534
20170903051615
20160201051317
20141023090906
20171203051804
20160301100534
20191003092837
20140731102910
20150105102941
20151027052242
20141228153727
20161227061537
20191201084523
20170511052526
20151223093454
20150608075655
20160629172345
20140816152849
20150826105925
20130608094610
20180622023348
20180504055658
20140410075641
20150805171346
20150403130128
20180527162456
20170709222426
20171231112922
20140322091219
20140623125725
20140202100856
20141126070812
20170210051612
20130916164203
20180708084941
20140812084308
20180707062011
20160224103125
20180305053414
20150414010710
20161221051413
20140802145114
20180714084043
20161013160426
20130726050104
20190916154018
20190220090828
20180802060336
20151011025723
20171031053208
20160803124307
20140220063650
20190304054009
20190510072208
20171128061144
20150415221309
20160708094314
20160831074722
20160202063212
20190420133010
20150302221618
20190717081140
20161230102542
20170215051755
20130820190528
20170524052454
20190206080438
20180121061903
20190104172026
